Phylogenetic trait variance-covariance
                  CerebellarVol  SurfaceArea  CerebralVol        AbsGI FoldingLength FoldingNumber      Lambda       Delta  CrusVol_1_3 CerebroCerebellar CerebellarCrus
CerebellarVol       0.006032469  0.004735548  0.005946089  0.005027737   0.004712865   0.003861694 -0.03114661  0.01651878  0.005626181      0.0027244633   0.0380157389
SurfaceArea         0.004735548  0.004007860  0.004892734  0.004888296   0.004005606   0.003399310 -0.03078718  0.01570857  0.004433886     -0.0055769409   0.0313680796
CerebralVol         0.005946089  0.004892734  0.006076368  0.005532043   0.004881345   0.004089333 -0.03451125  0.01791705  0.005467903     -0.0042965646   0.0376389022
AbsGI               0.005027737  0.004888296  0.005532043  0.008313549   0.004766865   0.004462654 -0.04178395  0.02526342  0.005568053     -0.0196632737   0.0497362721
FoldingLength       0.004712865  0.004005606  0.004881345  0.004766865   0.004113161   0.003473979 -0.03701833  0.01522181  0.004251964     -0.0059666010   0.0277880777
FoldingNumber       0.003861694  0.003399310  0.004089333  0.004462654   0.003473979   0.003261016 -0.03228520  0.01378171  0.003850665     -0.0075236672   0.0284858460
Lambda             -0.031146609 -0.030787182 -0.034511253 -0.041783951  -0.037018326  -0.032285198  0.67368619 -0.13215521 -0.021333843      0.1288140502  -0.0482597775
Delta               0.016518782  0.015708570  0.017917051  0.025263424   0.015221808   0.013781713 -0.13215521  0.08236622  0.016801015     -0.0543848119   0.1422879590
CrusVol_1_3         0.005626181  0.004433886  0.005467903  0.005568053   0.004251964   0.003850665 -0.02133384  0.01680101  0.006457441      0.0047802108   0.0530441827
CerebroCerebellar   0.002724463 -0.005576941 -0.004296565 -0.019663274  -0.005966601  -0.007523667  0.12881405 -0.05438481  0.004780211      0.2371959852   0.0005544723
CerebellarCrus      0.038015739  0.031368080  0.037638902  0.049736272   0.027788078   0.028485846 -0.04825978  0.14228796  0.053044183      0.0005544723   0.5270209107

Phenotypic trait variance-covariance
                  CerebellarVol   SurfaceArea   CerebralVol        AbsGI FoldingLength FoldingNumber       Lambda        Delta   CrusVol_1_3 CerebroCerebellar CerebellarCrus
CerebellarVol      0.0026873138  0.0008063598  0.0008684795  0.001775220  0.0006641586  0.0005099315 -0.001759172  0.005111412  0.0017528527        0.06821871   -0.067209070
SurfaceArea        0.0008063598  0.0017903874  0.0018596218  0.004150223  0.0016621544  0.0015675061 -0.012463487  0.010253316  0.0006405494       -0.03366241   -0.015481740
CerebralVol        0.0008684795  0.0018596218  0.0022063117  0.002995189  0.0017267469  0.0015246524 -0.007638810  0.007872469  0.0005747355       -0.04636104   -0.023969322
AbsGI              0.0017752204  0.0041502225  0.0029951890  0.016430177  0.0038412776  0.0040096990 -0.053197742  0.037081679  0.0018603027       -0.02329961   -0.004467888
FoldingLength      0.0006641586  0.0016621544  0.0017267469  0.003841278  0.0016212416  0.0015794442 -0.013923108  0.008188147  0.0007082778       -0.03341637   -0.000106311
FoldingNumber      0.0005099315  0.0015675061  0.0015246524  0.004009699  0.0015794442  0.0030446226 -0.019170769  0.008927969  0.0012775845       -0.03615273    0.049360333
Lambda            -0.0017591724 -0.0124634871 -0.0076388103 -0.053197742 -0.0139231077 -0.0191707693  0.275100138 -0.091977063 -0.0110323140        0.11085195   -0.609876179
Delta              0.0051114120  0.0102533163  0.0078724694  0.037081679  0.0081881468  0.0089279692 -0.091977063  0.113855432  0.0036001204       -0.06727738   -0.145213157
CrusVol_1_3        0.0017528527  0.0006405494  0.0005747355  0.001860303  0.0007082778  0.0012775845 -0.011032314  0.003600120  0.0033564643        0.04060646    0.112249069
CerebroCerebellar  0.0682187056 -0.0336624148 -0.0463610444 -0.023299609 -0.0334163730 -0.0361527287  0.110851950 -0.067277378  0.0406064640        4.35200811   -1.902286626
CerebellarCrus    -0.0672090696 -0.0154817397 -0.0239693225 -0.004467888 -0.0001063110  0.0493603328 -0.609876179 -0.145213157  0.1122490691       -1.90228663   12.732880207

% variance explained by phylogeny
    CerebellarVol       SurfaceArea       CerebralVol             AbsGI     FoldingLength     FoldingNumber            Lambda             Delta       CrusVol_1_3 CerebroCerebellar    CerebellarCrus 
         99.55536          99.55505          99.62251          97.58317          99.58212          98.90652          99.13510          98.54804          99.47720          71.09535          77.69155 
Brownian motion model
